1,1..5.37..6.3..8.9......98...1.......8761..........6...........7.8.9.76.47...6.312,198543726643278591527619843914735268876192435235486179462351987381927654759864312,27,2.2
2,...81.....2........1.9..7...7..25.934.2............5...975.....563.....4......68.,934817256728653419615942738176425893452398167389176542897564321563281974241739685,23,0.0
3,..5...74.3..6...19.....1..5...7...2.9....58..7..84......3.9...2.9.4.....8.....1.3,215983746387654219469271385538716924941325867726849531653198472192437658874562193,25,2.6
4,........5.2...9....9..2...373..481.....36....58....4...1...358...42.......978...2,473816925628539741195427863732948156941365278586172439217693584864251397359784612,26,1.4
5,.4.1..............653.....1.8.9..74...24..91.......2.8...562....1..7..6...4..1..3,947153682128649357653287491381926745572438916496715238839562174215374869764891523,25,1.1
6,5...634.....7.....1...5.83.....18..7..69......43...9...............7..2.32.64.5..,598163472632784159174259836259418367816937245743526981465892713981375624327641598,24,0.0
7,..346..2..58.2...1.2.9...8...1....9.2..783.........3....9..6..........56.6..7.21.,913468527458327961627915483731542698296783145584691372179256834842139756365874219,26,0.0
8,38.1.........5.6.....9....3.4.........5.18.......9.561.6..2478.8.......6..4.8..2.,386172954419853672527946813741365298695218437238497561163524789852739146974681325,25,3.7
9,.......2...75...9.6....4........7....25.961..9......83...6..85.....1.....4.32..7.,894163725137582496652974318481237569325896147976451283713649852268715934549328671,23,0.0
10,.75.....34......1....672.....9..16.....3....5.2.56...49.7.4......38.9............,275184963486935712391672548539421687764398125128567394917243856643859271852716439,23,1.5
11,..3.8.5...4.....9.7..15.4..98...1..5..2.7983...5.6....1....6.5.8.....7..........4,623984517541627398798153426987231645462579831315468972179846253854312769236795184,26,1.5
12,7.98.5...6..1..8.........9.8..4...1.....5..4.2....7..5..6...789.2.9..........3.6.,739845126654192873182376594865439217973251648241687935316524789427968351598713462,24,0.0
13,8..9........524.....5.1.67..2......45.17....3.......164....8..1....6...7......89.,813976425697524138245813679329681754561749283784235916472398561958162347136457892,24,1.6
14,............86..79.....54............53.9......67..58.5....2.4327.6.....8.94...5.,648179325325864179917325468182546937753298614496731582561982743274653891839417256,24,1.8
15,.7.16....4....7........8..2..9...2.52..9..1.....5.36..6..2..8..91......3..7.....6,375162984482397561196458372869714235253986147741523698634271859918645723527839416,24,3.3
16,9.4.728.....8.36..8..9.....6.9....1..83..7.....7.....22...385.....729..6...6.....,964572831172843659835961274629485713483217965517396482246138597358729146791654328,27,3.3
17,..61.4.9.35...9......25.........5..8......2...324...718...9.3...95...7...4.7.1...,726134895358679142419258637971325468684917253532486971867592314195843726243761589,26,1.2
18,.....48..79.58........9.....75....4.1.62.............751.3..2....48....16.24..5..,253614879791583426468792315875936142146257938329148657517369284934825761682471593,25,0.0
19,...6..8....35.4...65..217...6..............5..7138..2...7.1.6.4.1.......9....3..7,742639815183574269659821743365192478298746351471385926537218694814967532926453187,25,2.7
20,....3.76.5....91.29.........49..53.......327...52..........75.4..1.4.....6.......,124538769583679142976124853249715386618493275735286491392867514851942637467351928,23,3.3
21,...8.....86....95.3.9..24.8.....132.6.......52...................19.3.4...2..4.3.,125849763864137952379562418958471326643298175217356894436715289581923647792684531,23,0.0
22,.5.....43.1.....82.84..7.1..71.9....4.........23.1..6.8..1...26...7.4......9.2...,759821643316549782284637915571296834468375291923418567897153426632784159145962378,26,3.9
23,7.82...6...4..8..9..1.5............2..6..1.4.3.....67..4.1.........45.87..5.7...3,758294361234618759691753824489567132576321948312489675847132596163945287925876413,25,1.7
24,3...6..42.....5....61.3.....8...7..67...2.1.5.9....3......13...5....6.93..74.....,359761842472985631861234759185347926743629185296158374928513467514876293637492518,25,0.0
25,..3..9........23......5..876.......53.94.....4....523...7.13.....6..8.9...12.....,163789524785642319924351687612837945359426178478195236547913862236578491891264753,24,2.6
26,....27....13..4.....9..57...8....3..5..9..1......32...651....4...8....9.....4.6.5,865127439713694582429385761984751326532968174176432958651279843348516297297843615,24,1.8
27,6.....2...713.....39.4...7...3..289..1..8...4...5..1...6...854.........1..82.....,654897213871326459392451678743612895516983724289574136967138542425769381138245967,25,0.0
28,.....8...2.3...4.6..54.37....4...6...9.8.....5..9.4..27..589..34..2...7..........,947658321283791456615423789824135697396872514571964832762589143438216975159347268,25,2.8
29,.9.....8.5......96......4..6..34....9......2.2...6..17.1....8...6..17..97...95...,196734582534281796827956431671342958953178624248569317419623875365817249782495163,24,1.0
30,2...7..4.1.93........8..2..56...78.17.........9.26..3...573...46...1..98.........,286571943159324786374896215563947821742183659891265437925738164637412598418659372,26,2.8
31,5..6..7..38.....4.1..3.4..5.6.8..2..45.2..........157.6...1............8....4.137,542689713386175942197324865761853294459267381238491576673518429914732658825946137,26,0.0
32,.4...8.....6.2......57....8.52..7...1..35....4....27...7.9...64.......1....431..2,743198625816523497925764138352647981187359246469812753271985364534276819698431572,25,3.4
33,..6...51..52.7......761.....8.....5.7....2698..4..7.....926........9.3........16.,396428517152379486847615923281936754735142698964857231419263875678591342523784169,25,0.0
34,......27..9.2......4.9.6.....6........16.53..2...98...75.46......8...1.....3....7,613854279597213468842976531486732915971645382235198746759461823368527194124389657,23,0.0
35,..7.....34...6..12.....37..1.8.57.......8..6......21...........6...459....9....87,267514893493768512815293746138657429724189365956432178381976254672845931549321687,23,1.8
36,1.........9.....6.82.4...9..6....8..2...987...4.27.3.....7...15.....6.3..5....9..,173569482594832167826417593761345829235698741948271356389724615417956238652183974,24,1.3
37,...86.9.5.8.....217....4..862...543.5...7........4.6......92.8..61...5...........,132867945486539721759124368628915437543276819917348652375492186261783594894651273,25,0.0
38,39..8.....6...347..7.6.2..3.2.1.......52..9..6....5.....2..7.....9.4.5.....8.....,391784256268953471574612893923178645845236917617495328432567189789341562156829734,24,0.0
39,3....5.78...6.7....6..1.4..6.....3.7..49...6.........442............8.51.13..67..,391425678248637915567819423652184397184973562739562184425791836976348251813256749,25,1.9
40,...82.4..52..4..1.6.......7.4...9.2...25.....9.37....6..8.1.......2...3.........5,371825469529647318684391257845169723762534981913782546458913672197256834236478195,23,0.0
41,5.7.....8..6.4...7.937........3.7.5..3..2......2..18.........1.1..4...9.9.4..3...,517932468286145937493768521641387259839524176752691843325879614178456392964213785,24,3.8
42,.8.....9...5.8.7..7....9..4.16.42....3..9.1.78...3....4.....5...2.5...1.....1.9..,182457693945386721763129854516742389234895167897631245471968532629573418358214976,25,0.0
43,.6.5...7.8.5..3..2.2......57...8..9..8..6...4...4..3.........3....7.56....3.98...,169524873845973162327816945734182596581369724296457318958641237412735689673298451,24,3.1
44,1..7.8..6.45...2.......1.9...439............8.3.1..........9.7..9...6..5.5.27....,129758346745963281683421597874395612512647938936182754268519473497836125351274869,23,1.8
45,...92...1....57...9..3.6.42.9217...4.3........6...9...4...3....6....8....27...6..,376924581241857936985316742592173864738465219164289357459632178613798425827541693,25,0.0
46,....2639..........2.83.....7.9....8.35...9.1....2....6....516..4.......7......53.,547126398631598472298374165769415283352689714184237956823751649415963827976842531,23,2.7
47,...2.1.3...1...4..7......95....4.91...43.7...1.69.....6...2...7.5...9...2..6...5.,945271638361598472728463195572846913894317526136952784689125347453789261217634859,25,0.0
48,......6.....4...97...7.18.247..18......2....639...4.1..5....1..7...5......48.9.6.,247985631813462597965731842472618953581293476396574218658347129729156384134829765,26,2.5
49,93..2..6...2...7..6....89......45..9.4.6.......7.....8.5.......7......2...9..78..,938721465412956783675438912261845379843679251597312648356284197784193526129567834,22,0.0
50,.4.1...39........6.65...2..8..461........847.......9..38...4.1....3.......72.....,248156739793842156165739284879461325536928471421573968382694517654317892917285643,23,0.0
51,95..6...4...8.........5..1...6..1..92.....3..4....98...13...7..67...2..........35,957163284142897653368254917786321549291485376435679821513948762674532198829716435,23,0.0
52,7....1..3..5.2.9..3.9...17..........968..2.........6.8....83.1..7.4.....581....9.,726941583815327946349658172152864739968732451437195628694583217273419865581276394,25,0.0
53,.98...3.2..7.9.....6.32..7............6.89..48....4....8.6..15...14..7.......74..,198745362327896541465321978249563817576189234813274695784632159931458726652917483,25,0.0
54,.........68.....49....7...51.8..6...3679..8.....7......4.82..377.5.1..9........2.,572469381681532749439178265198256473367941852254783916946825137725314698813697524,25,2.4
55,...5...2...84.76...1..6....6.....7...81..9..2..7..85..2..8...5..............21.3.,769583421328417695415962873632154789581679342947238516293846157174395268856721934,23,0.0
56,2.9....8......8..6....9.....5.7..3.4.8..1...2.1.6.37...9.26..5.3..........1..7...,239476185574128936168395247956782314783914562412653798897261453325849671641537829,24,0.0
57,.4..8.......3...97.3..7..5.5.2.4.7.88.....2.....9..........4...6.78..9....475...1,745689132268315497139472856592143768813567249476928513381294675657831924924756381,25,1.7
58,.............8..2..8.3.69.13..2......6.....72.4.1....5..97.....2..5..34......9...,123975864695481723784326951357264198961853472842197635419732586276518349538649217,22,0.0
59,....3....16..........1.5........94..42..8..6.7.....5.2..18..6....95....7....6394.,957638214164972358238145796816259473425387169793416582371894625649521837582763941,24,0.0
60,...49..6...6....58.5...7..4......53159..8...62.....4.......3....4......2..21.....,128495763476231958359867124684972531591384276237516489915623847843759612762148395,23,1.6
61,.6497....5....1...9...4.5......32......7..42...8.1..5.735.....969..8..7.......6..,164975382583261794927348516459832167316759428278614953735126849691483275842597631,26,2.2
62,24..6..7.....91...........1...2....9.1..897..5.9...3...5.62...4.7...865...65.....,241865973835791246697432581783256419412389765569174328958627134374918652126543897,26,1.7
63,9..6....5........1.31.4.7......586.7..2.1..4.......9..4....5.8..5.1.9.....9.7....,947681325285793461631542798394258617562917843718436952476325189853169274129874536,24,3.4
64,.2348.5........3.9...5...4.6...1.2...87.2.....1..3..5........6...82..1.4.3..9....,723489516845162379196573842659714283387625491214938657572341968968257134431896725,25,1.4
65,....8....46..1.3......37...94....2.3...9....1..8..46.7..3....7.6......5415.......,329486715467519328581237469945761283736928541218354697893645172672193854154872936,24,1.2
66,6...7.....173.6...4.........9.2.35.....7.4.82.2..9....9...17..32.....7.1....3..65,632479158517386249489125376894263517361754982725891634946517823253648791178932465,27,3.5
67,6..1..2....1.9......8...6..27.6.........47..6...95.8..15..3.4...6...9....3....5.7,643175298521896743798423651274681935985347126316952874152738469467519382839264517,25,2.1
68,.4...3...86....7.37...1.........198....4.2.5.......6..6.5.7.824.........23......6,541763298862594713793218465324651987976482351158937642615379824487126539239845176,24,0.0
69,..95....23.......5..5..41....3.7649.6......8...72........79....1...6.......48..6.,749518632361927845285634179523876491694153287817249356436792518178365924952481763,24,0.0
70,..149.7.......79..3..........5...3.9..3.58...........4..76..4..1.2.......3.2.5.87,651492738248367915379581246825146379493758162716923854587639421162874593934215687,24,1.6
71,.3..8...54.7...62........8.....24.968...........6.14......59...2.5.16..9.7.......,632187945487593621591462387153824796864975132729631458318759264245316879976248513,24,2.0
72,.32......64...1..9..589.......7.3.......4..63..9.6..8.......63........97..7..5...,932457816648321579715896324486713952251948763379562481824179635563284197197635248,23,2.7
73,...4..56..1.5.6.9.....973....9.2..4.6....5......37....5.2.......63.........96.8..,297431568314586297856297314139628745678145923425379186582714639963852471741963852,24,4.3
74,4.6..5.7...736...4..2.1....1...574.9....8...18.....2.....4..5.6..8.....7..1..9...,436895172517362894982714635163257489294683751875941263729438516358126947641579328,26,0.0
75,...91......93.458.5.......1..71.3.....5.9...6...48..3....2..84.1.3....6......8...,328915674719364582564827391647153928835792416291486735956271843183549267472638159,25,0.0
76,..14.5...3..2.7.........92.....891....2...43.......8..43.7...8.7.......6.......59,821495673394267518675138924547389162982671435163524897439756281758912346216843759,23,1.5
77,......32.4...1...91.....7..........43.946......827.......9...63...3.25...2.......,875694321432517689196823745267138954319465872548279136754981263681342597923756418,22,1.5
78,2.....54..9.81.....83.......6...3..5..4....6.3..7...9.....6.7.3...27....5.1.....4,217639548495817236683542917169423875754981362328756491942165783836274159571398624,24,0.0
79,43.........5.3...9..19...8...4...1...6..7.4....84....7...15..9..9...321.3........,439568721785231649621947583974325168163879452258416937847152396596783214312694875,24,0.0
80,.8.....74...1.5.3..6..4.8..4.7..3...9...6...8.18..7........61...3...16...4..5....,281639574794185236365742891457813962923564718618297453879326145532471689146958327,25,1.3
81,.....2.8..4.15.........63.5.3...91..7.4.3...9....41.2......7...8...1..3.1.....67.,351972486648153297297486315532769148714238569986541723469327851875614932123895674,25,2.2
82,...13....63....8.25............65..1.4..2...62.69...4.8......9..572..3....2.7..5.,928136475634759812571842639389465721745321986216987543863514297157298364492673158,26,1.8
83,9...6......3.5.4...4.7..39..7..8..59....2...14..6.....6..5..........95....1.4..3.,927463185183952467546718392372184659869325741415697823698531274234879516751246938,24,0.0
84,...34...5.9..2...3........454...6..9..3..2.8....5......2..8.93.6.4....7....7.....,276341895498625713351978264547816329163492587982537641725184936634259178819763452,23,0.0
85,......76.3.4....98.69........3.8.6...1..2.....7.........7..9.84.9.3.....8...15..7,581942763324756198769831245943187652618523479275694831157269384492378516836415927,24,0.0
86,257..8....9............4.6....5..74.......9..37....5.87.49.......1....3....23.6..,257368491496125387813794265968512743145873926372649518734986152621457839589231674,23,0.0
87,9.2....1.....6...81....7.3..1...........2.5....3.1..8.4..3.......54....632..98...,982534617734169258156287934219845763648723591573916482461352879895471326327698145,23,1.2
88,..7.9....3.6.4...7.........9.567.1...3...1..6.......74.4.2....1...1.....5.8..3..2,187396425396542817452718369925674183734821956861935274649287531273159648518463792,24,0.0
89,6..34.5....9.5.4.8....8.....61...74....4..3.......6.2.1...6..5.8.4.....77....1...,687342591239157468415689273561238749972415386348976125193764852824593617756821934,25,0.0
90,8.36.....716.5.4..4.......1....7.....35..4.7....9.6.1....1.....98.2...........32.,823641957716359482459728631194572863635814279278936514342185796987263145561497328,24,0.0
91,5..42.87.64.......3.8.....5.7...3.41...2......81...2.6.6....91....73.............,519426873647358129328197465276983541435261798981574236763845912152739684894612357,24,0.0
92,6.43........5.62.9........73.9..8...51..............759.........2..47.1.7.5..3.6.,694372158173586249258491637369758421517234896482169375931625784826947513745813962,24,0.0
93,..9.6.....219...8..3...7.9.......154.1........7.........3.1.6.....35.9..89.2...4.,759468213621935487438127596386792154914583762572641839243819675167354928895276341,24,0.0
94,..24..83.....7....5.83..7.98.........23...15.49..2......7.1.......2.5..6..4...2..,672459831139872645548361729816537492723694158495128367267913584381245976954786213,25,4.7
95,.6.3.21....47....37......8.2..5......1.....76....1.9.......379...8.....44..6.8.2.,869352147154789263732461589287596431915234876643817952526143798378925614491678325,25,0.0
96,4.9.2..85..7.....6.264.........4..5...5...7..8.2.9............9....321.72...1....,419627385387159246526483971793241658145368792862795413631574829954832167278916534,24,0.0
97,.53.8......7.9.2.......2.1..8.....2.512...486........1....2..4..6.1.......46...3.,253781964147396258698542713786415329512937486439268571971823645365174892824659137,24,0.0
98,8.1....9..4..3.2..7.....158...........4..9...5..17.93....4.6....5.........791..8.,861725493945831267732694158193548672274369815586172934318456729659287341427913586,24,2.7
99,7..4........1..96.....3..5....7....9.3.6.2.....9..1..619..4.3..4.....1.82.......7,725469813384175962961238754612784539537692481849351276196847325473526198258913647,24,1.0
100,....9....46.....7...9...51...53...4...3.2.8..8............819.7..16....223.......,158793624462815379379462518695378241713924865824156793546281937981637452237549186,23,3.5
101,.4......39..7...4.3.6...2.......9.67....2..54..5.1.9.2..81.2....2..45..9.53......,541286793982731546376594218234859167719623854865417932498162375127345689653978421,27,4.6